170
111
108
68
96
125
95
126
110
149
107
115
118
111
74
95
111
69
97
90
148
135
98
117
84
93
68
95
74
94
83
141
128
110
105
93
79
176
69
109
130
81
97
150
88
152
93
137
119
117
88
121
110
86
111
84
144
155
97
128
114
130
90
89
123
73
150
183
123
144
130
136
176
150
140
113
102
125
118
131
170
92
151
117
146
178
141
127
155
142
122
155
101
106
90
139
130
111
184
87
129
110
108
108
152
171
151
124
103
140
120
138
129
146
117
161
144
82
121
247
140
130
158
169
108
113
148
109
270
121
85
133
168
124
94
167
120
160
113
115
178
154
136
146
97
155
164
183
224
148
193
128
132
137
212
166
176
172
165
235
151
187
144
133
108
154
138
215
158
163
163
146
132
174
213
141
134
126
131
181
192
151
140
182
162
182
239
166
186
164
154
195
128
148
156
216
209
192
173
210
215
187
204
154
185
184
163
175
181
120
97
171
114
117
236
157
171
128
189
156
136
159
132
142
200
129
140
176
176
167
164
194
137
140
188
194
173
170
195
176
119
100
107
157
127
148
127
85
131
165
109
145
121
120
98
120
131
103
168
125
118
102
153
103
120
206
128
125
124
132
108
151
164
109
132
138
150
147
84
106
158
133
75
157
123
147
95
112
124
86
97
125
160
117
155
143
190
116
189
152
122
133
148
147
