72
79
108
84
93
111
98
85
80
110
109
100
95
117
114
131
112
68
118
117
88
108
107
92
151
129
103
134
103
98
82
130
109
73
95
107
83
129
79
95
120
138
106
119
82
90
116
177
116
85
113
119
141
148
117
104
137
142
174
130
161
90
145
131
162
126
161
91
128
135
137
130
129
148
98
148
188
184
149
144
151
80
230
126
148
174
224
184
199
169
186
209
161
125
118
253
257
206
209
214
313
327
96
362
200
178
130
133
184
158
189
161
304
336
354
412
320
428
236
280
218
387
261
578
192
389
314
242
447
718
346
234
983
435
199
225
281
544
349
432
489
458
377
557
266
542
517
494
1000
677
726
960
784
295
665
672
1000
715
511
206
484
498
297
867
1000
645
983
1000
510
946
593
1000
604
1000
744
1000
1000
1000
1000
1000
600
907
954
478
993
1000
1000
641
1000
1000
1000
1000
1000
1000
1000
1000
1000
1000
1000
1000
412
1000
1000
1000
1000
1000
742
1000
1000
1000
1000
1000
1000
1000
1000
1000
1000
1000
1000
1000
1000
1000
1000
1000
1000
1000
1000
1000
1000
1000
1000
1000
1000
1000
1000
1000
1000
867
1000
1000
1000
1000
1000
1000
618
1000
1000
1000
1000
1000
1000
1000
1000
1000
1000
1000
1000
1000
1000
1000
790
1000
1000
1000
1000
1000
1000
1000
1000
1000
1000
1000
1000
1000
830
1000
976
1000
1000
1000
1000
1000
1000
1000
1000
1000
1000
954
1000
1000
1000
1000
1000
1000
1000
1000
1000
1000
1000
1000
860
1000
1000
1000
1000
1000
1000
1000
1000
1000
869
1000
1000
1000
1000
1000
1000
1000
1000
1000
1000
1000
1000
1000
1000
1000
1000
1000
829
1000
1000
1000
1000
1000
1000
1000
1000
1000
1000
1000
1000
1000
1000
1000
794
1000
1000
702
1000
1000
1000
1000
1000
1000
1000
1000
1000
1000
1000
1000
1000
1000
1000
566
1000
1000
1000
1000
1000
1000
558
1000
1000
1000
1000
1000
1000
1000
1000
1000
1000
1000
1000
1000
1000
1000
1000
1000
1000
1000
1000
1000
1000
1000
1000
1000
1000
1000
1000
1000
1000
1000
1000
1000
1000
1000
1000
1000
1000
1000
1000
1000
1000
1000
1000
1000
1000
1000
1000
1000
1000
1000
1000
1000
1000
1000
1000
1000
1000
1000
1000
1000
1000
1000
1000
1000
1000
1000
1000
1000
1000
1000
1000
1000
1000
1000
1000
1000
1000
1000
1000
1000
1000
1000
1000
1000
1000
700
730
1000
1000
1000
679
1000
1000
1000
1000
1000
1000
1000
1000
1000
1000
1000
1000
1000
1000
1000
1000
1000
1000
1000
1000
1000
1000
1000
1000
1000
1000
1000
1000
950
1000
1000
1000
1000
1000
1000
1000
1000
1000
1000
1000
1000
1000
1000
1000
1000
1000
1000
1000
1000
1000
1000
943
1000
1000
1000
1000
1000
1000
1000
1000
1000
1000
1000
1000
1000
1000
1000
678
1000
914
1000
1000
1000
1000
1000
1000
1000
1000
1000
357
1000
1000
879
1000
1000
1000
1000
1000
1000
1000
1000
1000
1000
1000
1000
1000
1000
1000
1000
943
1000
1000
1000
1000
1000
1000
1000
820
1000
1000
1000
1000
1000
1000
1000
952
1000
1000
1000
1000
1000
756
1000
1000
1000
1000
1000
1000
1000
690
1000
1000
1000
1000
1000
1000
1000
1000
1000
1000
1000
1000
1000
1000
1000
1000
1000
1000
816
1000
963
1000
1000
1000
986
1000
1000
1000
1000
1000
1000
1000
1000
1000
1000
1000
1000
1000
1000
1000
1000
1000
1000
733
1000
955
1000
1000
1000
1000
1000
1000
745
1000
1000
1000
1000
1000
1000
1000
1000
1000
1000
1000
1000
1000
1000
1000
1000
1000
1000
1000
997
920
1000
1000
1000
1000
1000
1000
1000
1000
1000
1000
646
1000
1000
1000
1000
1000
1000
1000
1000
1000
1000
1000
1000
1000
1000
1000
1000
859
1000
559
1000
1000
1000
1000
1000
1000
1000
1000
1000
1000
1000
1000
1000
1000
1000
1000
671
1000
1000
1000
1000
1000
1000
934
1000
1000
1000
1000
1000
1000
1000
1000
1000
1000
912
1000
1000
1000
1000
1000
633
1000
1000
1000
1000
1000
1000
1000
1000
1000
1000
1000
1000
1000
1000
1000
1000
1000
759
1000
1000
983
1000
1000
1000
1000
1000
1000
861
991
921
1000
966
1000
1000
1000
1000
1000
1000
1000
1000
1000
768
1000
1000
1000
1000
1000
1000
1000
1000
1000
1000
1000
1000
1000
1000
1000
1000
1000
1000
1000
922
1000
1000
1000
1000
1000
741
1000
1000
1000
1000
434
729
1000
1000
1000
1000
1000
1000
1000
1000
1000
1000
1000
1000
1000
1000
1000
1000
1000
1000
909
1000
1000
1000
1000
1000
1000
1000
1000
1000
1000
1000
1000
1000
1000
1000
1000
1000
1000
1000
1000
1000
1000
1000
1000
1000
1000
1000
1000
1000
1000
1000
1000
1000
1000
1000
892
1000
1000
1000
1000
1000
1000
1000
1000
1000
1000
1000
1000
1000
1000
1000
1000
1000
1000
1000
1000
1000
1000
1000
1000
1000
1000
1000
1000
1000
1000
1000
740
1000
1000
1000
973
1000
1000
1000
1000
1000
1000
1000
1000
835
1000
1000
1000
1000
1000
1000
1000
1000
1000
1000
1000
1000
1000
1000
948
1000
1000
1000
1000
1000
1000
1000
1000
1000
1000
1000
1000
1000
1000
1000
1000
1000
1000
1000
1000
1000
1000
1000
1000
1000
1000
1000
1000
1000
1000
800
1000
1000
1000
1000
1000
1000
956
1000
1000
1000
1000
1000
1000
1000
830
1000
1000
1000
1000
1000
1000
1000
1000
1000
1000
1000
497
1000
1000
1000
1000
1000
1000
1000
835
827
1000
1000
1000
1000
992
1000
1000
1000
1000
1000
1000
1000
1000
1000
1000
1000
1000
1000
1000
1000
1000
1000
1000
1000
1000
1000
1000
1000
1000
1000
1000
1000
1000
1000
1000
1000
1000
1000
792
1000
1000
1000
1000
1000
1000
500
1000
1000
1000
1000
1000
1000
1000
752
1000
947
1000
1000
1000
1000
1000
1000
1000
1000
1000
1000
1000
1000
1000
1000
1000
1000
1000
1000
1000
1000
1000
1000
1000
1000
1000
1000
1000
1000
1000
1000
1000
1000
1000
1000
1000
1000
1000
1000
1000
1000
1000
1000
1000
1000
1000
1000
1000
1000
1000
1000
1000
1000
1000
1000
1000
1000
1000
1000
1000
871
1000
1000
1000
1000
1000
1000
1000
1000
1000
1000
1000
1000
1000
1000
1000
1000
1000
1000
1000
1000
1000
807
1000
1000
1000
1000
1000
1000
835
1000
1000
853
1000
1000
1000
1000
1000
1000
922
1000
1000
695
1000
1000
1000
1000
1000
1000
1000
1000
1000
1000
1000
1000
1000
1000
1000
1000
1000
1000
1000
1000
1000
1000
1000
1000
1000
1000
1000
1000
1000
1000
1000
1000
1000
1000
562
1000
1000
1000
1000
1000
1000
1000
1000
1000
1000
870
1000
1000
1000
1000
1000
1000
1000
1000
1000
116
120
79
89
88
127
102
129
118
87
82
103
125
93
114
90
123
159
86
116
113
87
157
116
134
119
111
128
138
157
155
88
115
117
143
119
100
150
139
157
106
117
146
137
126
126
108
124
119
92
101
126
131
143
158
176
99
161
148
166
192
170
174
197
174
150
169
294
152
188
170
210
148
209
158
127
248
254
182
162
222
207
165
213
230
150
340
115
244
331
213
286
234
287
260
264
427
171
230
211
357
180
307
375
374
183
429
338
354
387
77
91
146
75
105
90
92
93
72
79
130
91
114
88
91
125
76
85
83
77
116
101
125
123
147
95
118
131
87
112
109
102
106
102
112
115
108
93
87
96
124
146
99
156
131
140
99
189
141
104
156
141
211
144
93
103
129
123
106
145
120
144
158
116
116
176
118
115
91
219
162
169
144
187
181
242
166
231
194
192
265
182
160
139
194
175
373
223
443
270
133
248
268
288
336
422
243
307
274
257
271
355
75
108
82
103
82
107
66
142
91
126
104
106
86
135
102
95
80
70
114
94
106
89
118
88
86
93
161
101
94
82
101
130
113
83
124
109
118
107
129
151
111
74
119
128
86
149
99
87
84
87
102
121
113
97
100
120
86
93
119
144
143
148
127
92
92
70
132
126
135
148
100
77
80
79
118
96
91
121
131
89
138
174
170
86
117
118
167
87
127
100
146
90
107
123
132
128
114
158
116
154
134
117
111
171
128
110
176
118
102
222
102
132
156
126
155
153
147
218
132
132
151
178
116
138
179
131
135
142
127
162
202
284
195
175
134
143
120
158
180
165
169
220
167
321
139
163
253
165
177
175
300
212
195
291
227
146
128
149
273
202
230
253
213
144
194
225
204
231
207
294
158
176
258
341
299
238
257
315
190
295
256
120
239
225
240
262
422
175
246
308
173
241
332
180
143
191
188
449
273
316
131
335
506
142
310
350
596
152
295
236
336
294
290
488
381
262
308
412
697
189
382
770
327
320
636
700
795
719
716
372
340
799
514
533
836
297
263
902
655
986
366
882
945
404
974
713
701
797
1000
883
1000
655
1000
1000
802
1000
454
784
1000
479
567
687
1000
1000
729
1000
1000
1000
761
1000
1000
889
1000
883
1000
1000
1000
1000
1000
1000
1000
920
1000
1000
1000
1000
1000
1000
1000
1000
1000
1000
1000
1000
1000
1000
1000
1000
727
1000
1000
1000
1000
1000
1000
1000
1000
1000
1000
1000
1000
1000
836
1000
1000
1000
1000
122
76
112
174
123
123
75
117
124
127
146
154
93
181
179
298
285
465
140
632
254
1000
713
868
92
75
124
84
77
105
90
154
76
69
89
104
154
73
117
184
153
106
82
106
71
134
98
80
94
95
68
120
114
93
163
121
104
78
97
119
158
88
101
86
66
106
75
107
172
73
107
143
119
116
105
120
79
73
74
71
114
108
80
178
111
75
77
143
135
72
67
71
69
156
96
96
107
87
74
75
80
100
120
101
147
123
95
122
125
78
94
68
99
67
69
103
115
86
83
125
94
100
98
149
76
103
99
140
109
75
74
92
100
89
74
123
90
86
164
118
100
74
86
108
125
75
